82,"src/syntax.jl",ad78ef60d08725a62c926ab791a5e418ad7ebf21,1427966926,1547,81
81,"src/syntax.jl",207a17e420b2dedd640773600117de69e709af33,1427963113,1544,60
80,"test/runtests.jl",9112c2ae4a13a79e815845e623a7e97c58c32665,1413367070,1494,-1
79,"src/ObjectiveC.jl",c1a38e9ba01ffc645c64eec75413e4432f2d5083,1436865745,1488,78
78,"src/ObjectiveC.jl",bbdb8d6cb6a8498dff968077f7ff471fd7215318,1436247552,1486,77
77,"src/ObjectiveC.jl",e2974864b13e91dd72fab85544b12bb782066cca,1427963073,1484,76
76,"src/ObjectiveC.jl",ad3f4f19522ef5c34dc970d307737ba29cde7a79,1418756734,1481,75
75,"src/ObjectiveC.jl",a6a372f66124f1fa4844389b42096f5e0db4575e,1414055301,1478,74
74,"src/ObjectiveC.jl",0c650c3d95dbddceb1aaa22672975772a5c583a2,1414015639,1476,73
73,"src/ObjectiveC.jl",bd319a218e23aca39b2a85e214887d80ec2d6c14,1413628966,1474,72
72,"src/ObjectiveC.jl",6bdf99ca34cff8b5ad1d409d0c5428305837ef15,1413577375,1472,71
71,"src/ObjectiveC.jl",ead2bf58049cdd678a23b3a79536d7e977a9492b,1413562284,1470,70
70,"src/ObjectiveC.jl",0cab9af10b3a9ae5051b47680fa468ac73db01ae,1413562102,1468,69
69,"src/ObjectiveC.jl",2186807d6512aa8baa243e7d212149e2e6b538ce,1413553105,1467,68
68,"src/ObjectiveC.jl",c558da69aa9d27ba2895d69b3a34d4792a557146,1413552779,1465,67
67,"src/ObjectiveC.jl",356083da1ebae4d5cc474ac26b141329d67dba1e,1413411516,1463,66
66,"src/ObjectiveC.jl",7225a77dc5f65b1525a7574d52869799f867a994,1413374060,999,65
65,"src/ObjectiveC.jl",b077a71ef77670fd7907619411fdf3a0aedfedb3,1413373969,992,64
64,"src/ObjectiveC.jl",cfc1249a9f530be43d506c6e785f98916ac2a82f,1413373270,988,63
63,"src/ObjectiveC.jl",63a20dff4de61d272e4cc111183fd92661000e5b,1413368046,984,62
62,"src/ObjectiveC.jl",9112c2ae4a13a79e815845e623a7e97c58c32665,1413367070,978,-1
61,"src/syntax.jl",561c4094edbe6daba1c1fbab98c5a2612766c239,1427966926,973,60
60,"src/syntax.jl",ef81f591c4dab9822bfb8b8ac6821fe8b11f1580,1413577445,970,59
59,"src/syntax.jl",6bdf99ca34cff8b5ad1d409d0c5428305837ef15,1413577375,965,58
58,"src/syntax.jl",a479f18ad53d280737211c5c7141d3fa5564e03d,1413577365,961,57
57,"src/syntax.jl",297ba475d73db454711560e9548848ae411444a7,1413557193,957,56
56,"src/syntax.jl",8f3541e1a9c1251f97a9611c2ba6095efe2395fe,1413553415,954,55
55,"src/syntax.jl",356083da1ebae4d5cc474ac26b141329d67dba1e,1413411516,950,-1
54,"src/selectors.jl",f47d0da7bcc15368cc70c70061ae9903d00c14e2,1413542451,936,53
53,"src/selectors.jl",356083da1ebae4d5cc474ac26b141329d67dba1e,1413411516,932,-1
52,"src/objects.jl",649a35a54b65cc9f6e0d11d6584e66a819d66e9e,1413552655,922,51
51,"src/objects.jl",81c57bdda7eb3420f123d5e12e9922fc2888c5a5,1413552429,919,50
50,"src/objects.jl",bad0c7287c295ad9dd0c0315395619fd96e84299,1413542436,916,49
49,"src/objects.jl",356083da1ebae4d5cc474ac26b141329d67dba1e,1413411516,912,-1
48,"src/cocoa.jl",bf9339ee9332e4c433a5983d919cca3698e35ce9,1413576288,907,47
47,"src/cocoa.jl",c2be16efa2ac4cb2af4a6eb1ca1002b196127a6b,1413562039,902,46
46,"src/cocoa.jl",356083da1ebae4d5cc474ac26b141329d67dba1e,1413411516,900,-1
45,"src/ccal.jl",c8b7c5f41a1e48de08aec47345cca57346baac0a,1413542462,884,-1
43,"src/methods.jl",c5bab7c8b67516c5e3328920dd785374aae6fe5c,1414699131,877,42
41,"src/methods.jl",e91c5957e14411aa62317177e8bfe05308804860,1413628954,874,40
40,"src/methods.jl",8568b44f40e004c8665e5342735add8ef7c4aba4,1413562116,872,39
39,"src/methods.jl",9841a393d43c2eb1b71daf200ffa9849908e6406,1413555586,871,38
38,"src/methods.jl",7f7e4bcbfd08d709ccc277fc04d00864e341109f,1413552576,870,37
37,"src/methods.jl",2b06b9293e77ac2ad83f5b6d96f0c656fc552287,1413549156,868,-1
36,"src/foundation.jl",5041dbd05ec4c294d45b305feb7e57a891781a73,1442921359,866,35
35,"src/foundation.jl",fc3066b1c650ea7c3dcc0dcb350300a432b520cd,1442920059,865,34
34,"src/foundation.jl",bbdb8d6cb6a8498dff968077f7ff471fd7215318,1436247552,864,33
33,"src/foundation.jl",e2974864b13e91dd72fab85544b12bb782066cca,1427963073,862,32
32,"src/foundation.jl",ad3f4f19522ef5c34dc970d307737ba29cde7a79,1418756734,861,31
31,"src/foundation.jl",7650672cf76931a6da61a220308691e9f6ef16ac,1415114549,860,30
30,"src/foundation.jl",250c97b489308bfb4eb6027332ed5b95ced61f9a,1414017140,859,29
42,"src/methods.jl",9a59a8b8f21d44e5e0291f452f29d2f261963eac,1413647550,875,41
29,"src/foundation.jl",5382587e01b05a47c6d28d3bb5c5c91ac7404170,1413628948,857,28
28,"src/foundation.jl",0cab9af10b3a9ae5051b47680fa468ac73db01ae,1413562102,856,-1
27,"src/classes.jl",3127920c9b14ccdde9bb6169fcb5abcf4ee4ab91,1415144545,854,26
26,"src/classes.jl",0a3924bda66ffe4d5f675fe70e3cbc6ff08d37b2,1415141655,853,25
25,"src/classes.jl",f22bcfa07a1575eedfc38bc45b8aba0d42ff0210,1415065108,852,24
24,"src/classes.jl",58276eb341d0d59b233282e05e0f7fe8f46c6e57,1415063454,850,23
23,"src/classes.jl",ebf79530268327ecc004ae2b0583d07f693b9383,1415063310,848,22
22,"src/classes.jl",d548374f62405b30c6654408889568a4a8764dd6,1415043061,847,21
21,"src/classes.jl",920e8d25766bda79d5b5d260df5b041b8fa0857d,1415043053,846,20
20,"src/classes.jl",08d2a8f208a4c404f2117d8718f25c20c0de7345,1415039396,845,19
19,"src/classes.jl",f71583d729714ca6437be95bbe6ec3282ac099ca,1415039056,843,18
18,"src/classes.jl",37cb23e8dd1228ce153fffaca40eb82cf27f53b0,1415035909,842,17
17,"src/classes.jl",13dd7d936f5c6a09e3b6b1153a9eda6dc709f744,1415035872,841,16
16,"src/classes.jl",13a224e8d119b296036c608f892ef2a059236568,1414980150,840,15
15,"src/classes.jl",71327c91b85895c7797a00b985140f8da2cf08ce,1414979550,838,14
14,"src/classes.jl",78027e29c5caae9e82d7b0b3fe9e811a1a001050,1414979536,837,13
13,"src/classes.jl",17bdbb206c71ba645e84b38e62a907062118a5fc,1414978604,836,12
12,"src/classes.jl",a15f78333d3c074ca1786ae2beae712d0bda8644,1414705079,835,11
11,"src/classes.jl",a6a372f66124f1fa4844389b42096f5e0db4575e,1414055301,832,-1
44,"src/methods.jl",e2974864b13e91dd72fab85544b12bb782066cca,1427963073,879,43
10,"src/classes.jl",9968e6f485d97999f218ff7ca01ac1d2bc6597a5,1413552950,829,9
9,"src/classes.jl",81c57bdda7eb3420f123d5e12e9922fc2888c5a5,1413552429,827,8
8,"src/classes.jl",edc3b4efab4cadc228ba4a769630839df939c576,1413548092,825,7
7,"src/classes.jl",356083da1ebae4d5cc474ac26b141329d67dba1e,1413411516,823,-1
6,"src/cocoa/constants.jl",ad3f4f19522ef5c34dc970d307737ba29cde7a79,1418756734,820,-1
5,"src/cocoa/cocoa.jl",e2974864b13e91dd72fab85544b12bb782066cca,1427963073,819,4
4,"src/cocoa/cocoa.jl",affc6da127ffef1ad84cc7f9e3f8b5d0d88fdc36,1419393512,817,3
3,"src/cocoa/cocoa.jl",ec920e0573bb097748cc536edb29e744151c8032,1418758340,815,2
2,"src/cocoa/cocoa.jl",ae338c85afdae0cc88416cb1b7c002e7ca690ba1,1418757135,814,1
1,"src/cocoa/cocoa.jl",ad3f4f19522ef5c34dc970d307737ba29cde7a79,1418756734,813,-1
0,"deps/build.jl",65f8605657a9a5c7bf5eab6cea89c6c431ff332d,1418757150,810,-1
