"master",b3f273aa875e7e6267b9cc0d0797361165f288e6,1490559910,2,12,23,26,31,35,48,56
