"master",20ff6b0150a2e5048b53d723e74100057690dc0b,1429294871,0,1,2,3,4,8,9
