"bak1",b068b02474883c3508f9818eeb27ef636364702c,1416083416,0,3,6,8,26,14,17
"cart2",7385a3574fe3fca5044587b81b4481380403bba1,1415899438,32,33,0,3,6,8,10,34,35
"cart3",ada9d40e9837bb17f24157700053f8e32dd4f8f8,1416078269,20,22,23,24,25,8,27,29,31
"master",3bed8a752c784255d76ce3d242521fa7a90d7d5d,1416083416,1,4,7,12,15,18
