"aa/statsbase-migration",552d60d8f13644e69739f185f799cc2412638b2d,1490721213,2,10,16,24,112,63,66,70,114,116,105
"kc/fix\_bench",fec33d804a921bcd1b3e416d1b71212623dca346,1491986863,3,10,16,25,52,63,107,109,89,100,105
"master",ac2fe106f3b31eb8a394a13c635f6eb24ab4ea6a,1491986548,3,10,16,25,52,63,67,71,89,100,105
