scacapE6Names = [:cashEu_EMTSDEOI_Index; 
                 :covEu_IYGB_Index;      
                 :govEu_LEATTREU_Index;  
                 :govEm_JPEICORE_Index;  
                 :govUs_BCEY4T_Index;    
                 :corpEu_LECPTREU_Index; 
                 :corpUs_IBOXIG_Index;   
                 :eqEu_SXXR_Index;       
                 :eqAs_DJAPSDET_Index;   
                 :eqEm_NDUEEGF_Index;    
                 :eqUs_SPTR500N_Index;   
                 :eqDe_DAX_Index;        
                 :eqJp_NDDLJN_Index;     
                 :realGlob_TENGDNU_Index;
                 :comGlob_CRYTR_Index];   


mus20011202 = [.0007476993711741047;
               .000767831490215866;
               .0007331720284471214;
               .0045070620524061;
               .003073785837751237;
               .0007561128336954684;
               .0030806776512486006;
               .0004911197454201454;
               .004519905735681511;
               .0022802405117859355;
               .0018910628334251158;
               -23674508849953344e-21;
               .00185873003639643;
               .0031985999047503093;
               .004090235594611785];

covMatr20011202 = [
                   361004479420593e-22 13065708327336203e-23 11610440929058279e-23 -21902177951207195e-23 7888669102004312e-23 13005991701564256e-23 7135413108181863e-23 -3122755257558418e-22 23341474011072376e-23 -9065611285183153e-22 -11251002192932342e-23 -43154555322214994e-23 -8722967031222459e-22 14597082851796805e-23 -3882212829538556e-22;
                   13065708327336203e-23 17398326399666144e-21 18198737051166706e-21 -529263487287317e-20 6787621085165013e-21 16470250099520154e-21 7539116998570155e-22 -17097070127540371e-22 -5439687590115828e-21 -279455058960151e-19 -14836837129739408e-21 5579025410418516e-21 -11732199957180832e-21 -1160651334465705e-20 -27623447855457577e-21;
                   11610440929058279e-23 18198737051166706e-21 21065360237241064e-21 -7976112591993317e-21 7503984562364413e-21 1799502568241911e-20 -52820419250598235e-24 -20484427158351226e-22 -10263911391686265e-21 -35986697084603755e-21 -1880376594411767e-20 242866480549292e-20 -20023337082199157e-21 -12582882062996485e-21 -29343322348396548e-21;
                   -21902177951207195e-23 -529263487287317e-20 -7976112591993317e-21 .000556463743336435 .0002192748120209696 -7039001244642225e-21 .0002403831459378406 .00032856101008842483 .0003206735446977535 .0005230991297892202 .00047319085139616284 .00033274305285914174 .0004194523586242266 .0002857473559160459 .00028403592341579107;
                   7888669102004312e-23 6787621085165013e-21 7503984562364413e-21 .0002192748120209696 .00026110713731538975 4825499235705297e-21 .0002498865619674363 9934085925807834e-20 .00014689812038712468 .000161492709973149 .00028077176173654404 45206892073452075e-21 .0002832138232453034 .00017011530817867082 .00019498178465998238;
                   13005991701564256e-23 16470250099520154e-21 1799502568241911e-20 -7039001244642225e-21 4825499235705297e-21 16725701015032234e-21 -16797770161165636e-23 -7642953566743602e-22 -7511124881606511e-21 -2811308947189037e-20 -17089861095549915e-21 7755772678796615e-21 -14741137249903957e-21 -10051629145534819e-21 -27187936811815343e-21;
                   7135413108181863e-23 7539116998570155e-22 -52820419250598235e-24 .0002403831459378406 .0002498865619674363 -16797770161165636e-23 .00026344285058032115 .00013705087744828452 .00017719277097960409 .00022128523439496282 .0003362928681911993 9403037814304415e-20 .0003141129143304159 .00020053570860152306 .00020178934195661536;
                   -3122755257558418e-22 -17097070127540371e-22 -20484427158351226e-22 .00032856101008842483 9934085925807834e-20 -7642953566743602e-22 .00013705087744828452 .0007392960463685892 .00040073058890395465 .0006404625125165644 .0006686108727498216 .0008800210390762998 .00043462466421894275 .0003756941446809584 .0001761567989929019;
                   23341474011072376e-23 -5439687590115828e-21 -10263911391686265e-21 .0003206735446977535 .00014689812038712468 -7511124881606511e-21 .00017719277097960409 .00040073058890395465 .0006910503569663477 .0005429850922945117 .0005451089576107845 .00044459470580110883 .0004969265849837247 .0004344226067925624 .00023463810239124922;
                   -9065611285183153e-22 -279455058960151e-19 -35986697084603755e-21 .0005230991297892202 .000161492709973149 -2811308947189037e-20 .00022128523439496282 .0006404625125165644 .0005429850922945117 .0011191469090580978 .0007917330942192384 .0007594928035399998 .0007579037862976289 .0004817765508366364 .0003258522942482246;
                   -11251002192932342e-23 -14836837129739408e-21 -1880376594411767e-20 .00047319085139616284 .00028077176173654404 -17089861095549915e-21 .0003362928681911993 .0006686108727498216 .0005451089576107845 .0007917330942192384 .0012762963607111332 .0007469471362793903 .000669839335756983 .00048217045271224006 .0003801151243629516;
                   -43154555322214994e-23 5579025410418516e-21 242866480549292e-20 .00033274305285914174 45206892073452075e-21 7755772678796615e-21 9403037814304415e-20 .0008800210390762998 .00044459470580110883 .0007594928035399998 .0007469471362793903 .0012716361457466778 .000453580528515078 .0004101698025759827 .00015093334808160132;
                   -8722967031222459e-22 -11732199957180832e-21 -20023337082199157e-21 .0004194523586242266 .0002832138232453034 -14741137249903957e-21 .0003141129143304159 .00043462466421894275 .0004969265849837247 .0007579037862976289 .000669839335756983 .000453580528515078 .0015360453369946407 .00046149902082899763 .00047588438541240293;
                   14597082851796805e-23 -1160651334465705e-20 -12582882062996485e-21 .0002857473559160459 .00017011530817867082 -10051629145534819e-21 .00020053570860152306 .0003756941446809584 .0004344226067925624 .0004817765508366364 .00048217045271224006 .0004101698025759827 .00046149902082899763 .00047514053384536015 .0001911139599514506;
                   -3882212829538556e-22 -27623447855457577e-21 -29343322348396548e-21 .00028403592341579107 .00019498178465998238 -27187936811815343e-21 .00020178934195661536 .0001761567989929019 .00023463810239124922 .0003258522942482246 .0003801151243629516 .00015093334808160132 .00047588438541240293 .0001911139599514506 .0006768566764057213];
