module MKS

export GRAV, BOLTZMANN, STEFANBOLTZMANN, MHYDROGEN, YEAR, AU, PC, MSUN
export RSUN, MEARTH, REARTH, MJUPITER, AJUPITER, GRAM, CM

GRAV = 6.67384e-11
BOLTZMANN = 1.3806488e-23
STEFANBOLTZMANN = 5.670373e-8
MHYDROGEN = 1.00794*1.66053886e-27
YEAR = 3.15569e7

#astrophysical constants
AU = 1.49598e11
PC = 3.08568025e16

MSUN = 1.98892e30
RSUN = 6.955e8

MEARTH = 5.9742e24
REARTH = 6.3781e6

MJUPITER = 1.8986e27
AJUPITER = 4.84143144246472090

GRAM = 1e-3
CM = 1e-2

end