test_case = "case_5a"
calculation_mode = "classical_risk"
case_file = "test/$(calculation_mode)/data/$(test_case).jld"

time_h = 1.0
time_r = 1.0
lrem_steps = 1

hc1_imls = [0.05, 0.20, 0.40, 0.60, 0.80, 1.00, 1.20, 1.40, 1.60, 1.80, 2.00]
hc1_poes = [3.8958243E-02, 2.2217381E-02, 8.1714271E-03, 3.0705064E-03, 1.2298430E-03, 5.1951722E-04, 2.2540125E-04, 9.9177852E-05, 4.3529320E-05, 1.8290866E-05, 6.9246566E-06]
hc2_poes = [3.1309267E-02, 3.3514689E-03, 2.6686238E-04, 2.9785524E-05, 2.7507212E-06, 0.0000000E+00, 0.0000000E+00, 0.0000000E+00, 0.0000000E+00, 0.0000000E+00, 0.0000000E+00]
hc3_poes = [4.4176724E-03, 1.6684452E-05, 0.0000000E+00, 0.0000000E+00, 0.0000000E+00, 0.0000000E+00, 0.0000000E+00, 0.0000000E+00, 0.0000000E+00, 0.0000000E+00, 0.0000000E+00]
hc4_poes = [3.2960837E-02, 1.0044060E-02, 2.8576938E-03, 9.7291442E-04, 3.7007911E-04, 1.5133563E-04, 6.4505992E-05, 2.8104731E-05, 1.2413786E-05, 5.3198828E-06, 2.1447143E-06]
hc5_poes = [2.2798183E-02, 1.6705379E-03, 1.2972804E-04, 1.4696897E-05, 1.3643261E-06, 0.0000000E+00, 0.0000000E+00, 0.0000000E+00, 0.0000000E+00, 0.0000000E+00, 0.0000000E+00]
hc6_poes = [3.2038687E-02, 8.4343364E-03, 2.0932284E-03, 6.4880315E-04, 2.2869460E-04, 8.7141761E-05, 3.4523219E-05, 1.4044048E-05, 5.6362991E-06, 2.1672152E-06, 7.1436137E-07]
hc7_poes = [3.1306800E-02, 3.3500899E-03, 2.6667692E-04, 2.9755645E-05, 2.7458800E-06, 0.0000000E+00, 0.0000000E+00, 0.0000000E+00, 0.0000000E+00, 0.0000000E+00, 0.0000000E+00]

hc_imls = {"b1"=>[hc1_imls, hc1_imls, hc1_imls, hc1_imls, hc1_imls, hc1_imls, hc1_imls]}
hc_poes = {"b1"=>[hc1_poes, hc2_poes, hc3_poes, hc4_poes, hc5_poes, hc6_poes, hc7_poes]}
branches = keys(hc_imls)

a_ref = ["a1", "a2", "a3", "a4", "a5", "a6", "a7"]
a_loc = [1, 2, 3, 4, 5, 6, 7]
a_tax = ["tax1", "tax2", "tax1", "tax3", "tax1", "tax2", "tax1"]
a_num = [1, 1, 1, 1, 1, 1, 1]
a_occ = [1, 1, 1, 1, 1, 1, 1]
a_val = [10000, 10000, 10000, 10000, 10000, 10000, 10000]
a_ded = [NaN, NaN, NaN, NaN, NaN, NaN, NaN]
a_lim = [NaN, NaN, NaN, NaN, NaN, NaN, NaN]
num_assets = length(a_ref)

vf_type = {"vf1"=>"LN", "vf2"=>"LN", "vf3"=>"LN"}
vf_ids = keys(vf_type)

vf1_imls = [0.05, 0.20, 0.40, 0.60, 0.80, 1.00, 1.20, 1.40, 1.60, 1.80, 2.00]
vf1_mean_lrs = [0.01, 0.04, 0.10, 0.20, 0.33, 0.50, 0.67, 0.80, 0.90, 0.96, 0.99]
vf1_cov_lrs = [0.03, 0.12, 0.24, 0.32, 0.38, 0.40, 0.38, 0.32, 0.24, 0.12, 0.03]

vf2_imls = [0.05, 0.20, 0.40, 0.60, 0.80, 1.00, 1.20, 1.40, 1.60, 1.80, 2.00]
vf2_mean_lrs = [0.01, 0.02, 0.05, 0.11, 0.18, 0.26, 0.35, 0.40, 0.49, 0.51, 0.54]
vf2_cov_lrs = [0.03, 0.12, 0.24, 0.32, 0.38, 0.40, 0.38, 0.32, 0.24, 0.12, 0.03]

vf3_imls = [0.05, 0.20, 0.40, 0.60, 0.80, 1.00, 1.20, 1.40, 1.60, 1.80, 2.00]
vf3_mean_lrs = [0.01, 0.04, 0.09, 0.17, 0.30, 0.45, 0.60, 0.70, 0.85, 0.90, 0.89]
vf3_cov_lrs = [0.03, 0.12, 0.24, 0.32, 0.38, 0.40, 0.38, 0.32, 0.24, 0.12, 0.03]

vf_imls = {"vf1"=>vf1_imls, "vf2"=>vf2_imls, "vf3"=>vf3_imls}
vf_mean_lrs = {"vf1"=>vf1_mean_lrs, "vf2"=>vf2_mean_lrs, "vf3"=>vf3_mean_lrs}
vf_cov_lrs = {"vf1"=>vf1_cov_lrs, "vf2"=>vf2_cov_lrs, "vf3"=>vf3_cov_lrs}

tax_vf_map = {"tax1"=>["vf1"], "tax2"=>["vf2"], "tax3"=>["vf3"]}
taxonomies = keys(tax_vf_map)

include("write_jld.jl")
