hc_imls = [0.05, 0.20, 0.40, 0.60, 0.80, 1.00, 1.20, 1.40, 1.60, 1.80, 2.00]
hc_poes = [3.915291296E-02, 2.493494969E-02, 1.142889260E-02, 5.379326221E-03, 2.629974334E-03, 1.327670083E-03, 6.878886107E-04, 3.635574346E-04, 1.944484274E-04, 1.041075369E-04, 5.503823257E-05]
hc_time = 1.0

hc = HazardCurve(hc_time, hc_imls, hc_poes)
hcs = [1 => hc]

vf_imls = [0.05, 0.20, 0.40, 0.60, 0.80, 1.00, 1.20, 1.40, 1.60, 1.80, 2.00]
vf_mean_lrs = [0.01, 0.04, 0.10, 0.20, 0.33, 0.50, 0.67, 0.80, 0.90, 0.96, 0.99]
vf_cov_lrs = [0.00, 0.00, 0.00, 0.00, 0.00, 0.00, 0.00, 0.00, 0.00, 0.00, 0.00]

vf = ContinuousVulnerabilityFunction("BT", vf_imls, vf_mean_lrs, vf_cov_lrs)

assets = [Asset("a1", 1, "wood", 1, 10000, 1)]

tax_vf_map = ["wood" => vf]

risk_investigation_time = 1.0
num_steps = 1
