hc_imls = [0.05, 0.20, 0.40, 0.60, 0.80, 1.00, 1.20, 1.40, 1.60, 1.80, 2.00]
hc_poes = [8.642581098E-01, 7.170696705E-01, 4.371461158E-01, 2.363856118E-01, 1.233714650E-01, 6.426934989E-02, 3.382110048E-02, 1.801689639E-02, 9.676247661E-03, 5.192121920E-03, 2.748204116E-03]
hc_time = 50.0

hc = HazardCurve(hc_time, hc_imls, hc_poes)
hcs = [1 => hc]

vf_imls = [0.05, 0.20, 0.40, 0.60, 0.80, 1.00, 1.20, 1.40, 1.60, 1.80, 2.00]
vf_mean_lrs = [0.01, 0.04, 0.10, 0.20, 0.33, 0.50, 0.67, 0.80, 0.90, 0.96, 0.99]
vf_cov_lrs = [0.03, 0.12, 0.24, 0.32, 0.38, 0.40, 0.38, 0.32, 0.24, 0.12, 0.03]

vf = ContinuousVulnerabilityFunction("LN", vf_imls, vf_mean_lrs, vf_cov_lrs)

assets = [Asset("a1", 1, "wood", 1, 10000, 1)]

tax_vf_map = ["wood" => vf]

risk_investigation_time = 1.0
num_steps = 1
