290,"test/test\_runcases.jl",80f6fb08195a522b41eea7fb904e133541291b44,1441865045,219346,-1
289,"test/test\_obj2dict.jl",cbd30a04bcb956e8ee32ddb01a39daf36d74d862,1450895247,219345,288
287,"test/test\_obj2dict.jl",44abe55956f663c940df7ee18a9598258345cfdb,1445032869,219343,286
286,"test/test\_obj2dict.jl",80f6fb08195a522b41eea7fb904e133541291b44,1441865045,219342,-1
285,"test/runtests.jl",6f5e093ea9b4ca867221cd82b2a53f4528a8669a,1472669526,219341,284
284,"test/runtests.jl",1c7f931c4e39ae96a879fed94c01691e3707956b,1456862477,219340,283
283,"test/runtests.jl",64e949d7cb136a141261fb0aeb8d51d678884499,1450758516,219339,282
282,"test/runtests.jl",cc3584c2c0f85a5fa72ea9e36ec5971436be2175,1449882689,219338,281
281,"test/runtests.jl",aa62a483a6587826f664904ddcbf8d2b68d27d25,1449623618,219337,280
280,"test/runtests.jl",47c5746d633401d2e7e1c75d320a656a15c9cf9e,1448055429,219336,279
279,"test/runtests.jl",80f6fb08195a522b41eea7fb904e133541291b44,1441865045,219335,-1
278,"test/matrixtest.jl",80f6fb08195a522b41eea7fb904e133541291b44,1441865045,219334,-1
277,"src/RunCases.jl",1c3b7b23a6fcfefb577a7dcd0fea9dafdf87a1ae,1448661548,219333,276
276,"src/RunCases.jl",1f84f617cea19111d966538bdfceb3d77693dcda,1448069291,219332,275
275,"src/RunCases.jl",ec8723eebd1c871ec40b5283bf95637a29494f80,1443137077,219331,274
274,"src/RunCases.jl",80f6fb08195a522b41eea7fb904e133541291b44,1441865045,219330,-1
273,"src/RLESUtils.jl",a7bdb06d10fd4e8e258e9fb6ae497d71956d2746,1478900947,219329,272
272,"src/RLESUtils.jl",6f5e093ea9b4ca867221cd82b2a53f4528a8669a,1472669526,219328,271
271,"src/RLESUtils.jl",1c7f931c4e39ae96a879fed94c01691e3707956b,1456862477,219327,270
270,"src/RLESUtils.jl",6bcefcbca0b519e83f463006641f399728405f44,1456530267,219325,269
269,"src/RLESUtils.jl",f6e297136f8854db5baa5e0cfddfd8876d8f93a7,1456378726,219324,268
268,"src/RLESUtils.jl",ecd321618484f5b2a142631c85f75b61dd80fe49,1456164108,219323,267
267,"src/RLESUtils.jl",3b4ee72bc3ff04ea98c6caaea33adfabbb01a1e8,1456162315,219322,266
266,"src/RLESUtils.jl",335d91188f5b00e9ef0041346142cb5f63656b30,1454659680,219321,265
265,"src/RLESUtils.jl",4b8f471e21939329731ef3a6e6237f15ead2fc2c,1453367596,219319,264
264,"src/RLESUtils.jl",138a3634080a642dab8f1994791881d6fd8b3da6,1453176660,219318,263
263,"src/RLESUtils.jl",e69e3966c192233120ed833120b7184cbb64817a,1451326396,219317,262
262,"src/RLESUtils.jl",959203393d70574f3390b97b15b7720094dab9a6,1450913265,219316,261
261,"src/RLESUtils.jl",64e949d7cb136a141261fb0aeb8d51d678884499,1450758516,219315,260
260,"src/RLESUtils.jl",aa62a483a6587826f664904ddcbf8d2b68d27d25,1449623618,219314,259
259,"src/RLESUtils.jl",1c3b7b23a6fcfefb577a7dcd0fea9dafdf87a1ae,1448661548,219313,258
257,"src/RLESUtils.jl",892fc1f46315d496399fd89409a57e126609e436,1448660247,219311,256
256,"src/RLESUtils.jl",1985944929d86f49bf88678136e099b3fdaae5d3,1447809524,219310,255
254,"src/RLESUtils.jl",5b8c0b701243940a6c5144c9020487783e2fee4e,1445983857,219308,253
253,"src/RLESUtils.jl",44abe55956f663c940df7ee18a9598258345cfdb,1445032869,219307,252
252,"src/RLESUtils.jl",80f6fb08195a522b41eea7fb904e133541291b44,1441865045,219306,-1
251,"src/Obj2Dict.jl",a0f7779fd4b71eab42d9e33eee801b4280926df0,1452644766,219305,250
250,"src/Obj2Dict.jl",cbd30a04bcb956e8ee32ddb01a39daf36d74d862,1450895247,219304,249
249,"src/Obj2Dict.jl",64e949d7cb136a141261fb0aeb8d51d678884499,1450758516,219303,248
248,"src/Obj2Dict.jl",5dc9bf7f66e6c86c363c9f31d06cb111fcc99b52,1449792063,219302,247
247,"src/Obj2Dict.jl",54999ff78459786174e4ba08d793e141dee79a65,1448905775,219301,246
246,"src/Obj2Dict.jl",8688912282bdcba3028b3c417222ad84aa891c9c,1448862246,219300,245
245,"src/Obj2Dict.jl",4fbc7a7e5b6f768498765beec6b363b57ee84342,1448668295,219299,244
244,"src/Obj2Dict.jl",1c3b7b23a6fcfefb577a7dcd0fea9dafdf87a1ae,1448661548,219298,243
243,"src/Obj2Dict.jl",1f84f617cea19111d966538bdfceb3d77693dcda,1448069291,219297,242
242,"src/Obj2Dict.jl",892fc1f46315d496399fd89409a57e126609e436,1448660247,219296,241
241,"src/Obj2Dict.jl",1985944929d86f49bf88678136e099b3fdaae5d3,1447809524,219295,240
240,"src/Obj2Dict.jl",5395a24a97e42219ce88f974ea6dc4dbee4c34b5,1447290770,219294,239
239,"src/Obj2Dict.jl",5b8c0b701243940a6c5144c9020487783e2fee4e,1445983857,219293,238
238,"src/Obj2Dict.jl",80f6fb08195a522b41eea7fb904e133541291b44,1441865045,219292,-1
237,"src/StringUtils.jl",3b4ee72bc3ff04ea98c6caaea33adfabbb01a1e8,1456162315,219291,236
236,"src/StringUtils.jl",4b8f471e21939329731ef3a6e6237f15ead2fc2c,1453367596,219290,235
235,"src/StringUtils.jl",73e90c859f29a508263de0c0f57311a6fab163db,1453274286,219289,234
234,"src/StringUtils.jl",154e709360c405da22294cde2cf0985135b83fe2,1450382388,219288,233
233,"src/StringUtils.jl",cc3584c2c0f85a5fa72ea9e36ec5971436be2175,1449882689,219287,232
232,"src/StringUtils.jl",5dc9bf7f66e6c86c363c9f31d06cb111fcc99b52,1449792063,219286,231
231,"src/StringUtils.jl",4fbc7a7e5b6f768498765beec6b363b57ee84342,1448668295,219285,230
230,"src/StringUtils.jl",1f84f617cea19111d966538bdfceb3d77693dcda,1448069291,219283,229
229,"src/StringUtils.jl",892fc1f46315d496399fd89409a57e126609e436,1448660247,219282,228
228,"src/StringUtils.jl",5b8c0b701243940a6c5144c9020487783e2fee4e,1445983857,219281,227
227,"src/StringUtils.jl",44abe55956f663c940df7ee18a9598258345cfdb,1445032869,219280,-1
226,"src/MathUtils.jl",e8f7277d25bc8886e47a8974ae9e9987f937a20f,1456858754,219279,225
225,"src/MathUtils.jl",9ba4c4e30e0e4e5f91e24a557ee81266936d8f7c,1456462675,219278,224
224,"src/MathUtils.jl",f6e297136f8854db5baa5e0cfddfd8876d8f93a7,1456378726,219277,223
223,"src/MathUtils.jl",a4b8d93224d53ba41c97fdfba76ae5b398f2d353,1449618301,219276,222
222,"src/MathUtils.jl",1f84f617cea19111d966538bdfceb3d77693dcda,1448069291,219275,221
221,"src/MathUtils.jl",5b8c0b701243940a6c5144c9020487783e2fee4e,1445983857,219274,220
220,"src/MathUtils.jl",44abe55956f663c940df7ee18a9598258345cfdb,1445032869,219273,-1
219,"src/LookupCallbacks.jl",44abe55956f663c940df7ee18a9598258345cfdb,1445032869,219272,-1
218,"src/FileUtils.jl",f6e297136f8854db5baa5e0cfddfd8876d8f93a7,1456378726,219271,217
217,"src/FileUtils.jl",4b8f471e21939329731ef3a6e6237f15ead2fc2c,1453367596,219270,216
216,"src/FileUtils.jl",ae9817ccdf3d1f14e7afdeb0384f1a083519eb35,1451966794,219269,215
215,"src/FileUtils.jl",1f84f617cea19111d966538bdfceb3d77693dcda,1448069291,219268,214
214,"src/FileUtils.jl",44abe55956f663c940df7ee18a9598258345cfdb,1445032869,219267,-1
213,"src/GitUtils.jl",1f84f617cea19111d966538bdfceb3d77693dcda,1448069291,219266,212
212,"src/GitUtils.jl",5b8c0b701243940a6c5144c9020487783e2fee4e,1445983857,219265,-1
211,"src/LatexUtils.jl",a7c1da03ed6e531f81433c3d1b23c00739acc972,1453330570,219264,210
210,"src/LatexUtils.jl",941e99db262e404cfb12f88e934b9f9e83001993,1449819685,219263,209
209,"src/LatexUtils.jl",1f84f617cea19111d966538bdfceb3d77693dcda,1448069291,219262,208
208,"src/LatexUtils.jl",5395a24a97e42219ce88f974ea6dc4dbee4c34b5,1447290770,219261,-1
207,"src/TypeUtils.jl",1985944929d86f49bf88678136e099b3fdaae5d3,1447809524,219260,-1
206,"src/RNGWrapper.jl",09fa717c2ede902ec850b4fec02966c302fa4bce,1448436072,219259,205
205,"src/RNGWrapper.jl",1f84f617cea19111d966538bdfceb3d77693dcda,1448069291,219258,204
204,"src/RNGWrapper.jl",47c5746d633401d2e7e1c75d320a656a15c9cf9e,1448055429,219257,203
203,"src/RNGWrapper.jl",1985944929d86f49bf88678136e099b3fdaae5d3,1447809524,219256,-1
202,"src/DataFramesUtils.jl",64e949d7cb136a141261fb0aeb8d51d678884499,1450758516,219255,201
201,"src/DataFramesUtils.jl",cc3584c2c0f85a5fa72ea9e36ec5971436be2175,1449882689,219254,200
200,"src/DataFramesUtils.jl",4fbc7a7e5b6f768498765beec6b363b57ee84342,1448668295,219253,199
199,"src/DataFramesUtils.jl",892fc1f46315d496399fd89409a57e126609e436,1448660247,219252,198
198,"src/DataFramesUtils.jl",47c5746d633401d2e7e1c75d320a656a15c9cf9e,1448055429,219251,197
197,"src/DataFramesUtils.jl",1985944929d86f49bf88678136e099b3fdaae5d3,1447809524,219250,-1
196,"test/test\_rngwrapper.jl",47c5746d633401d2e7e1c75d320a656a15c9cf9e,1448055429,219249,-1
195,"src/ConvertUtils.jl",becac76fda972d4ec3ddcea5f78ec5c05e3ad643,1448662168,219248,-1
194,"test/test\_observers.jl",f6e297136f8854db5baa5e0cfddfd8876d8f93a7,1456378726,219247,193
193,"test/test\_observers.jl",d79752a216f6ad792ec855730c30c87a6c17d589,1451115003,219246,192
191,"src/Observers.jl",9fc71f58df515d92c839ef24c69dcb54be75b235,1454216266,219244,190
190,"src/Observers.jl",d79752a216f6ad792ec855730c30c87a6c17d589,1451115003,219243,189
189,"src/Observers.jl",aa62a483a6587826f664904ddcbf8d2b68d27d25,1449623618,219242,-1
188,"test/test\_stringutils.jl",64e949d7cb136a141261fb0aeb8d51d678884499,1450758516,219241,187
187,"test/test\_stringutils.jl",cc3584c2c0f85a5fa72ea9e36ec5971436be2175,1449882689,219240,-1
186,"test/test\_loggers.jl",959203393d70574f3390b97b15b7720094dab9a6,1450913265,219239,185
185,"test/test\_loggers.jl",64e949d7cb136a141261fb0aeb8d51d678884499,1450758516,219238,-1
184,"test/test\_arrayutils.jl",64e949d7cb136a141261fb0aeb8d51d678884499,1450758516,219237,-1
183,"src/Loggers.jl",9ba4c4e30e0e4e5f91e24a557ee81266936d8f7c,1456462675,219236,182
182,"src/Loggers.jl",335d91188f5b00e9ef0041346142cb5f63656b30,1454659680,219235,181
181,"src/Loggers.jl",9fc71f58df515d92c839ef24c69dcb54be75b235,1454216266,219234,180
180,"src/Loggers.jl",138a3634080a642dab8f1994791881d6fd8b3da6,1453176660,219233,179
179,"src/Loggers.jl",1e8409fb95b04cc1ee7d8eca4ab30bc874a06ffd,1452637699,219232,178
177,"src/Loggers.jl",959203393d70574f3390b97b15b7720094dab9a6,1450913265,219230,176
192,"test/test\_observers.jl",aa62a483a6587826f664904ddcbf8d2b68d27d25,1449623618,219245,-1
176,"src/Loggers.jl",64e949d7cb136a141261fb0aeb8d51d678884499,1450758516,219229,-1
175,"src/ArrayUtils.jl",64e949d7cb136a141261fb0aeb8d51d678884499,1450758516,219228,-1
174,"test/test\_paramsweeps.jl",335d91188f5b00e9ef0041346142cb5f63656b30,1454659680,219225,173
173,"test/test\_paramsweeps.jl",138a3634080a642dab8f1994791881d6fd8b3da6,1453176660,219223,-1
172,"src/ParamSweeps.jl",335d91188f5b00e9ef0041346142cb5f63656b30,1454659680,219222,171
171,"src/ParamSweeps.jl",138a3634080a642dab8f1994791881d6fd8b3da6,1453176660,219221,-1
170,"test/test\_runutils.jl",4b8f471e21939329731ef3a6e6237f15ead2fc2c,1453367596,219220,-1
169,"test/parallel\_include\_test/test4.jl",12bc7f437b57b6069702047935bb37bd335f95db,1454404274,219219,168
167,"test/parallel\_include\_test/test4.jl",4b8f471e21939329731ef3a6e6237f15ead2fc2c,1453367596,219210,-1
165,"test/parallel\_include\_test/test3.jl",9fc71f58df515d92c839ef24c69dcb54be75b235,1454216266,219216,164
164,"test/parallel\_include\_test/test3.jl",4b8f471e21939329731ef3a6e6237f15ead2fc2c,1453367596,219210,-1
163,"test/parallel\_include\_test/test2.jl",12bc7f437b57b6069702047935bb37bd335f95db,1454404274,219215,162
162,"test/parallel\_include\_test/test2.jl",9fc71f58df515d92c839ef24c69dcb54be75b235,1454216266,219214,161
161,"test/parallel\_include\_test/test2.jl",4b8f471e21939329731ef3a6e6237f15ead2fc2c,1453367596,219210,-1
160,"test/parallel\_include\_test/test1.jl",12bc7f437b57b6069702047935bb37bd335f95db,1454404274,219213,159
159,"test/parallel\_include\_test/test1.jl",9fc71f58df515d92c839ef24c69dcb54be75b235,1454216266,219212,158
158,"test/parallel\_include\_test/test1.jl",4b8f471e21939329731ef3a6e6237f15ead2fc2c,1453367596,219210,-1
157,"src/RunUtils.jl",12bc7f437b57b6069702047935bb37bd335f95db,1454404274,219208,156
166,"test/parallel\_include\_test/test3.jl",12bc7f437b57b6069702047935bb37bd335f95db,1454404274,219217,165
156,"src/RunUtils.jl",9fc71f58df515d92c839ef24c69dcb54be75b235,1454216266,219207,155
155,"src/RunUtils.jl",4b8f471e21939329731ef3a6e6237f15ead2fc2c,1453367596,219206,-1
154,"test/parallel\_include\_test/infloop.jl",12bc7f437b57b6069702047935bb37bd335f95db,1454404274,219205,-1
153,"src/Vectorizer.jl",335d91188f5b00e9ef0041346142cb5f63656b30,1454659680,219204,-1
151,"test/test\_codeutils.jl",3b4ee72bc3ff04ea98c6caaea33adfabbb01a1e8,1456162315,219200,-1
150,"src/SwapBuffers.jl",3b4ee72bc3ff04ea98c6caaea33adfabbb01a1e8,1456162315,219196,-1
149,"src/CodeUtils.jl",3b4ee72bc3ff04ea98c6caaea33adfabbb01a1e8,1456162315,219190,-1
148,"test/test\_mathutils.jl",f6e297136f8854db5baa5e0cfddfd8876d8f93a7,1456378726,219186,-1
147,"test/test\_LogicUtils.jl",f6e297136f8854db5baa5e0cfddfd8876d8f93a7,1456378726,219183,-1
146,"src/LogicUtils.jl",f6e297136f8854db5baa5e0cfddfd8876d8f93a7,1456378726,219179,-1
145,"src/Configure.jl",f6e297136f8854db5baa5e0cfddfd8876d8f93a7,1456378726,219176,-1
144,"src/ModLoader.jl",367ff276e708c54c91e565fa6ebe09093aae2e26,1456860075,219172,143
143,"src/ModLoader.jl",6bcefcbca0b519e83f463006641f399728405f44,1456530267,219170,-1
142,"modules/Vectorizer/test/runtests.jl",6f5e093ea9b4ca867221cd82b2a53f4528a8669a,1472669526,219167,141
141,"modules/Vectorizer/test/runtests.jl",1c7f931c4e39ae96a879fed94c01691e3707956b,1456862477,219165,-1
140,"modules/ModLoader/test/runtests.jl",6f5e093ea9b4ca867221cd82b2a53f4528a8669a,1472669526,219162,139
139,"modules/ModLoader/test/runtests.jl",1c7f931c4e39ae96a879fed94c01691e3707956b,1456862477,219160,-1
138,"modules/LookupCallbacks/test/runtests.jl",6f5e093ea9b4ca867221cd82b2a53f4528a8669a,1472669526,219157,137
137,"modules/LookupCallbacks/test/runtests.jl",1c7f931c4e39ae96a879fed94c01691e3707956b,1456862477,219155,-1
136,"modules/LatexUtils/test/runtests.jl",6f5e093ea9b4ca867221cd82b2a53f4528a8669a,1472669526,219153,135
135,"modules/LatexUtils/test/runtests.jl",1c7f931c4e39ae96a879fed94c01691e3707956b,1456862477,219151,-1
134,"modules/GitUtils/test/runtests.jl",6f5e093ea9b4ca867221cd82b2a53f4528a8669a,1472669526,219149,133
133,"modules/GitUtils/test/runtests.jl",1c7f931c4e39ae96a879fed94c01691e3707956b,1456862477,219147,-1
131,"modules/FileUtils/test/runtests.jl",1c7f931c4e39ae96a879fed94c01691e3707956b,1456862477,219143,-1
130,"modules/ConvertUtils/test/runtests.jl",6f5e093ea9b4ca867221cd82b2a53f4528a8669a,1472669526,219141,129
129,"modules/ConvertUtils/test/runtests.jl",1c7f931c4e39ae96a879fed94c01691e3707956b,1456862477,219140,-1
258,"src/RLESUtils.jl",09fa717c2ede902ec850b4fec02966c302fa4bce,1448436072,219312,257
128,"modules/TreeToJSON/test/runtests.jl",6f5e093ea9b4ca867221cd82b2a53f4528a8669a,1472669526,219139,127
127,"modules/TreeToJSON/test/runtests.jl",a992017ac1fa9a9eab51a31df81015442496d663,1456872649,219138,-1
126,"modules/TreeToJSON/src/TreeToJSON.jl",34bde76c6db1d0e2c86b7854d9b75a69deb2a9ab,1488849245,219137,125
125,"modules/TreeToJSON/src/TreeToJSON.jl",bfdaa9e40f5618c681d9c03dce68927d92fb12ec,1478826914,219136,124
124,"modules/TreeToJSON/src/TreeToJSON.jl",a992017ac1fa9a9eab51a31df81015442496d663,1456872649,219135,-1
123,"modules/TikzQTrees/test/runtests.jl",6f5e093ea9b4ca867221cd82b2a53f4528a8669a,1472669526,219134,122
122,"modules/TikzQTrees/test/runtests.jl",a992017ac1fa9a9eab51a31df81015442496d663,1456872649,219133,-1
121,"modules/TikzQTrees/src/TikzQTrees.jl",edb8f7da48e812d0010be5605aebc547952f2b47,1492540605,219132,120
120,"modules/TikzQTrees/src/TikzQTrees.jl",bfdaa9e40f5618c681d9c03dce68927d92fb12ec,1478826914,219131,119
119,"modules/TikzQTrees/src/TikzQTrees.jl",6f5e093ea9b4ca867221cd82b2a53f4528a8669a,1472669526,219130,118
118,"modules/TikzQTrees/src/TikzQTrees.jl",e243721589b88e201eda4cf47ee907ba3ed9f465,1470196972,219129,117
117,"modules/TikzQTrees/src/TikzQTrees.jl",a992017ac1fa9a9eab51a31df81015442496d663,1456872649,219128,-1
116,"modules/DataFrameSets/test/runtests.jl",6f5e093ea9b4ca867221cd82b2a53f4528a8669a,1472669526,219127,115
115,"modules/DataFrameSets/test/runtests.jl",871df3b498af8576ae7183d2d34697f10175c714,1470165052,219126,114
114,"modules/DataFrameSets/test/runtests.jl",a992017ac1fa9a9eab51a31df81015442496d663,1456872649,219125,-1
113,"modules/DataFrameSets/src/DataFrameSets.jl",6f5e093ea9b4ca867221cd82b2a53f4528a8669a,1472669526,219124,112
112,"modules/DataFrameSets/src/DataFrameSets.jl",190bb6c7f6ac930c77708687dd33c99a0a6bbba1,1470896094,219123,111
111,"modules/DataFrameSets/src/DataFrameSets.jl",5c18b27186f74c32e0ba751cc8ddfb94a9db6c3f,1470850988,219122,110
110,"modules/DataFrameSets/src/DataFrameSets.jl",e243721589b88e201eda4cf47ee907ba3ed9f465,1470196972,219121,109
109,"modules/DataFrameSets/src/DataFrameSets.jl",871df3b498af8576ae7183d2d34697f10175c714,1470165052,219120,108
108,"modules/DataFrameSets/src/DataFrameSets.jl",a992017ac1fa9a9eab51a31df81015442496d663,1456872649,219119,-1
107,"modules/D3Trees/test/runtests.jl",34bde76c6db1d0e2c86b7854d9b75a69deb2a9ab,1488849245,219118,106
106,"modules/D3Trees/test/runtests.jl",a992017ac1fa9a9eab51a31df81015442496d663,1456872649,219117,-1
105,"modules/D3Trees/src/D3Trees.jl",34bde76c6db1d0e2c86b7854d9b75a69deb2a9ab,1488849245,219116,104
104,"modules/D3Trees/src/D3Trees.jl",a992017ac1fa9a9eab51a31df81015442496d663,1456872649,219115,-1
103,"modules/RandSplit/test/runtests.jl",6f5e093ea9b4ca867221cd82b2a53f4528a8669a,1472669526,219114,102
101,"modules/RandSplit/src/RandSplit.jl",6f5e093ea9b4ca867221cd82b2a53f4528a8669a,1472669526,219112,100
100,"modules/RandSplit/src/RandSplit.jl",cea1f541e7a56d42192ea5ff56d1aee05edd4f9a,1458860308,219111,-1
99,"modules/IteratorUtils/test/runtests.jl",6f5e093ea9b4ca867221cd82b2a53f4528a8669a,1472669526,219110,98
98,"modules/IteratorUtils/test/runtests.jl",8f6dab94d47582522c01e6ebfba2fa1a454f0f52,1467225497,219109,97
97,"modules/IteratorUtils/test/runtests.jl",cea1f541e7a56d42192ea5ff56d1aee05edd4f9a,1458860308,219108,-1
96,"modules/IteratorUtils/src/IteratorUtils.jl",bfdaa9e40f5618c681d9c03dce68927d92fb12ec,1478826914,219107,95
95,"modules/IteratorUtils/src/IteratorUtils.jl",6f5e093ea9b4ca867221cd82b2a53f4528a8669a,1472669526,219106,94
94,"modules/IteratorUtils/src/IteratorUtils.jl",c715f3c8b84e0f4640ea86a3cc0096d094a91dd3,1467229370,219105,93
93,"modules/IteratorUtils/src/IteratorUtils.jl",8f6dab94d47582522c01e6ebfba2fa1a454f0f52,1467225497,219104,92
92,"modules/IteratorUtils/src/IteratorUtils.jl",cea1f541e7a56d42192ea5ff56d1aee05edd4f9a,1458860308,219103,-1
178,"src/Loggers.jl",d79752a216f6ad792ec855730c30c87a6c17d589,1451115003,219231,177
91,"modules/BitCounters/test/runtests.jl",6f5e093ea9b4ca867221cd82b2a53f4528a8669a,1472669526,219102,90
90,"modules/BitCounters/test/runtests.jl",cea1f541e7a56d42192ea5ff56d1aee05edd4f9a,1458860308,219101,-1
89,"modules/BitCounters/src/BitCounters.jl",6f5e093ea9b4ca867221cd82b2a53f4528a8669a,1472669526,219100,88
88,"modules/BitCounters/src/BitCounters.jl",cea1f541e7a56d42192ea5ff56d1aee05edd4f9a,1458860308,219099,-1
255,"src/RLESUtils.jl",5395a24a97e42219ce88f974ea6dc4dbee4c34b5,1447290770,219309,254
87,"modules/CPUTimeUtils/test/runtests.jl",6f5e093ea9b4ca867221cd82b2a53f4528a8669a,1472669526,219098,86
86,"modules/CPUTimeUtils/test/runtests.jl",14fe2cd71828bfeb8fe31c86fe43a50be59afa35,1464200796,219097,-1
85,"modules/CPUTimeUtils/src/CPUTimeUtils.jl",6f5e093ea9b4ca867221cd82b2a53f4528a8669a,1472669526,219096,84
84,"modules/CPUTimeUtils/src/CPUTimeUtils.jl",14fe2cd71828bfeb8fe31c86fe43a50be59afa35,1464200796,219095,-1
83,"modules/DataBalancer/test/runtests.jl",6f5e093ea9b4ca867221cd82b2a53f4528a8669a,1472669526,219094,82
82,"modules/DataBalancer/test/runtests.jl",190bb6c7f6ac930c77708687dd33c99a0a6bbba1,1470896094,219093,-1
81,"modules/DataBalancer/src/DataBalancer.jl",bfdaa9e40f5618c681d9c03dce68927d92fb12ec,1478826914,219092,80
80,"modules/DataBalancer/src/DataBalancer.jl",6f5e093ea9b4ca867221cd82b2a53f4528a8669a,1472669526,219091,79
79,"modules/DataBalancer/src/DataBalancer.jl",190bb6c7f6ac930c77708687dd33c99a0a6bbba1,1470896094,219090,-1
78,"modules/Confusion/test/runtests.jl",6f5e093ea9b4ca867221cd82b2a53f4528a8669a,1472669526,219089,77
77,"modules/Confusion/test/runtests.jl",190bb6c7f6ac930c77708687dd33c99a0a6bbba1,1470896094,219088,-1
76,"modules/Confusion/src/Confusion.jl",bfdaa9e40f5618c681d9c03dce68927d92fb12ec,1478826914,219087,75
75,"modules/Confusion/src/Confusion.jl",bded9b64fa5628fa0fc6f5b95553b3fd8ca4eac2,1475877171,219085,74
74,"modules/Confusion/src/Confusion.jl",6f5e093ea9b4ca867221cd82b2a53f4528a8669a,1472669526,219084,73
73,"modules/Confusion/src/Confusion.jl",a68c45b534c63d7881169a68ba2844d75fff3b31,1471452410,219083,72
71,"modules/RandUtils/test/runtests.jl",6f5e093ea9b4ca867221cd82b2a53f4528a8669a,1472669526,219081,70
168,"test/parallel\_include\_test/test4.jl",9fc71f58df515d92c839ef24c69dcb54be75b235,1454216266,219218,167
70,"modules/RandUtils/test/runtests.jl",11223dd87814eb36e34d733529d303f677ae66a1,1472236366,219080,-1
69,"modules/RandUtils/src/RandUtils.jl",29a9bfcc013d69339ebfbbc0744cfe92291f4fd4,1479678577,219079,68
68,"modules/RandUtils/src/RandUtils.jl",6f5e093ea9b4ca867221cd82b2a53f4528a8669a,1472669526,219078,67
67,"modules/RandUtils/src/RandUtils.jl",11223dd87814eb36e34d733529d303f677ae66a1,1472236366,219077,-1
66,"modules/BenchmarkTests/test/runtests.jl",081891f1971d856e9b752b0a6bcdc335f8992bb8,1492448917,219076,65
65,"modules/BenchmarkTests/test/runtests.jl",6f5e093ea9b4ca867221cd82b2a53f4528a8669a,1472669526,219075,-1
64,"modules/BenchmarkTests/src/BenchmarkTests.jl",c82a701c320569e8cbff860a1193cf7e7d8eabdb,1484777146,219074,63
63,"modules/BenchmarkTests/src/BenchmarkTests.jl",9d7dfe64cde8594e76066707ebf0fc5b1c075bac,1482172813,219073,62
62,"modules/BenchmarkTests/src/BenchmarkTests.jl",6f5e093ea9b4ca867221cd82b2a53f4528a8669a,1472669526,219072,-1
61,"modules/IFTTTUtils/test/runtests.jl",34bde76c6db1d0e2c86b7854d9b75a69deb2a9ab,1488849245,219071,60
60,"modules/IFTTTUtils/test/runtests.jl",e6aec47cd767e1670a4f1c9bd692ac0d1d9a3799,1473008251,219070,-1
59,"modules/IFTTTUtils/src/IFTTTUtils.jl",34bde76c6db1d0e2c86b7854d9b75a69deb2a9ab,1488849245,219069,58
58,"modules/IFTTTUtils/src/IFTTTUtils.jl",90d81ed4547b22dc6f0468566b16b4b331669cd0,1481074830,219068,57
57,"modules/IFTTTUtils/src/IFTTTUtils.jl",bb1377d3fc95b6e06a723869c11a3904e2b4360a,1481073784,219067,56
56,"modules/IFTTTUtils/src/IFTTTUtils.jl",29a9bfcc013d69339ebfbbc0744cfe92291f4fd4,1479678577,219066,55
55,"modules/IFTTTUtils/src/IFTTTUtils.jl",1cc8aa6519b7270e11e7508009daaeb0ffa7255e,1479277931,219065,54
54,"modules/IFTTTUtils/src/IFTTTUtils.jl",bfdaa9e40f5618c681d9c03dce68927d92fb12ec,1478826914,219064,53
53,"modules/IFTTTUtils/src/IFTTTUtils.jl",fa7c163f853763f9ecf8478e103394e4c53f47d0,1476252642,218999,52
52,"modules/IFTTTUtils/src/IFTTTUtils.jl",e6aec47cd767e1670a4f1c9bd692ac0d1d9a3799,1473008251,218997,-1
51,"modules/TreeIterators/test/runtests.jl",1613c3441bcb3dee05f3bdb3bc5e642707c33c16,1492449367,218996,50
50,"modules/TreeIterators/test/runtests.jl",34bde76c6db1d0e2c86b7854d9b75a69deb2a9ab,1488849245,218995,49
49,"modules/TreeIterators/test/runtests.jl",09cb2b10ae86cbf2c27b92480e340362264215ba,1479795383,218993,48
48,"modules/TreeIterators/test/runtests.jl",bded9b64fa5628fa0fc6f5b95553b3fd8ca4eac2,1475877171,218992,-1
102,"modules/RandSplit/test/runtests.jl",cea1f541e7a56d42192ea5ff56d1aee05edd4f9a,1458860308,219113,-1
47,"modules/TreeIterators/src/TreeIterators.jl",44dfc85213189e648c6716f49aa49c605612b5b6,1490507334,218991,46
46,"modules/TreeIterators/src/TreeIterators.jl",34bde76c6db1d0e2c86b7854d9b75a69deb2a9ab,1488849245,218989,45
44,"modules/TreeIterators/src/TreeIterators.jl",a7bdb06d10fd4e8e258e9fb6ae497d71956d2746,1478900947,218987,43
43,"modules/TreeIterators/src/TreeIterators.jl",bded9b64fa5628fa0fc6f5b95553b3fd8ca4eac2,1475877171,218986,-1
42,"modules/Interpreter/test/runtests.jl",34bde76c6db1d0e2c86b7854d9b75a69deb2a9ab,1488849245,218985,41
41,"modules/Interpreter/test/runtests.jl",f008a5e85522838a2cefdedaf4c09e1392aec115,1476052148,218984,40
40,"modules/Interpreter/test/runtests.jl",769c762ed95bcb7e291bf0064da34932c40e6d96,1475986426,218983,-1
132,"modules/FileUtils/test/runtests.jl",6f5e093ea9b4ca867221cd82b2a53f4528a8669a,1472669526,219144,131
39,"modules/Interpreter/src/Interpreter.jl",34bde76c6db1d0e2c86b7854d9b75a69deb2a9ab,1488849245,218982,38
38,"modules/Interpreter/src/Interpreter.jl",b8d8ce467605e257154f6bd13d894ef334abf5c1,1480739283,218981,37
37,"modules/Interpreter/src/Interpreter.jl",f008a5e85522838a2cefdedaf4c09e1392aec115,1476052148,218980,36
36,"modules/Interpreter/src/Interpreter.jl",6c3aadc15b57f92bb5b779eb1cfeb8d211490c38,1475986763,218979,35
35,"modules/Interpreter/src/Interpreter.jl",769c762ed95bcb7e291bf0064da34932c40e6d96,1475986426,218978,-1
34,"modules/Sweeper/test/runtests.jl",34bde76c6db1d0e2c86b7854d9b75a69deb2a9ab,1488849245,218975,33
33,"modules/Sweeper/test/runtests.jl",08e36997497a15a1667c124258ee2d07c7492385,1479321163,218973,-1
32,"modules/Sweeper/src/Sweeper.jl",34bde76c6db1d0e2c86b7854d9b75a69deb2a9ab,1488849245,218970,31
31,"modules/Sweeper/src/Sweeper.jl",08e36997497a15a1667c124258ee2d07c7492385,1479321163,218968,-1
30,"modules/TreeUtils/test/runtests.jl",34bde76c6db1d0e2c86b7854d9b75a69deb2a9ab,1488849245,218966,29
29,"modules/TreeUtils/test/runtests.jl",7d4a768c02f880db6d00484118132a5bebabd804,1480577021,218965,28
28,"modules/TreeUtils/test/runtests.jl",09cb2b10ae86cbf2c27b92480e340362264215ba,1479795383,218963,-1
27,"modules/TreeUtils/src/TreeUtils.jl",34bde76c6db1d0e2c86b7854d9b75a69deb2a9ab,1488849245,218962,26
26,"modules/TreeUtils/src/TreeUtils.jl",7d4a768c02f880db6d00484118132a5bebabd804,1480577021,218961,25
25,"modules/TreeUtils/src/TreeUtils.jl",09cb2b10ae86cbf2c27b92480e340362264215ba,1479795383,218960,-1
24,"modules/TestTree/test/runtests.jl",34bde76c6db1d0e2c86b7854d9b75a69deb2a9ab,1488849245,218959,23
23,"modules/TestTree/test/runtests.jl",09cb2b10ae86cbf2c27b92480e340362264215ba,1479795383,218958,-1
45,"modules/TreeIterators/src/TreeIterators.jl",09cb2b10ae86cbf2c27b92480e340362264215ba,1479795383,218988,44
22,"modules/TestTree/src/TestTree.jl",34bde76c6db1d0e2c86b7854d9b75a69deb2a9ab,1488849245,218957,21
21,"modules/TestTree/src/TestTree.jl",09cb2b10ae86cbf2c27b92480e340362264215ba,1479795383,218956,-1
20,"modules/LogSystems/test/runtests.jl",34bde76c6db1d0e2c86b7854d9b75a69deb2a9ab,1488849245,218955,19
19,"modules/LogSystems/test/runtests.jl",1f7b43c0fabf5262145108c2be5fd012a85cdc31,1479938530,218954,18
18,"modules/LogSystems/test/runtests.jl",64699f062d0d38dae48f70eed9f799af5b9d3597,1479881240,218953,17
17,"modules/LogSystems/test/runtests.jl",38bbf4bf80c69cddedf808039c53eab66381363f,1479863521,218952,-1
16,"modules/LogSystems/src/LogSystems.jl",34bde76c6db1d0e2c86b7854d9b75a69deb2a9ab,1488849245,218951,15
15,"modules/LogSystems/src/LogSystems.jl",7d4a768c02f880db6d00484118132a5bebabd804,1480577021,218950,14
14,"modules/LogSystems/src/LogSystems.jl",1f7b43c0fabf5262145108c2be5fd012a85cdc31,1479938530,218949,13
13,"modules/LogSystems/src/LogSystems.jl",64699f062d0d38dae48f70eed9f799af5b9d3597,1479881240,218948,12
72,"modules/Confusion/src/Confusion.jl",190bb6c7f6ac930c77708687dd33c99a0a6bbba1,1470896094,219082,-1
12,"modules/LogSystems/src/LogSystems.jl",38bbf4bf80c69cddedf808039c53eab66381363f,1479863521,218947,-1
11,"modules/RLESTypes/test/runtests.jl",34bde76c6db1d0e2c86b7854d9b75a69deb2a9ab,1488849245,218946,10
10,"modules/RLESTypes/test/runtests.jl",7d4a768c02f880db6d00484118132a5bebabd804,1480577021,218945,-1
9,"modules/RLESTypes/src/RLESTypes.jl",34bde76c6db1d0e2c86b7854d9b75a69deb2a9ab,1488849245,218944,8
8,"modules/RLESTypes/src/RLESTypes.jl",7d4a768c02f880db6d00484118132a5bebabd804,1480577021,218943,-1
7,"modules/StatUtils/test/runtests.jl",c6eb40d8c9190d1e59a1efc03a578af948596b62,1490334007,218941,-1
6,"modules/StatUtils/src/StatUtils.jl",c6eb40d8c9190d1e59a1efc03a578af948596b62,1490334007,218940,-1
288,"test/test\_obj2dict.jl",1c3b7b23a6fcfefb577a7dcd0fea9dafdf87a1ae,1448661548,219344,287
5,"modules/LogJoiner/test/runtests.jl",183335830ec2389080522942f46c6bd94d8646bf,1490826001,218938,-1
4,"modules/LogJoiner/src/LogJoiner.jl",42c8283619a7ea4e0587af020c640cdce155ef47,1491608213,218937,3
3,"modules/LogJoiner/src/LogJoiner.jl",8f2bb0d32b2c55e3887a09e923fff47107757d4f,1491344734,218936,2
2,"modules/LogJoiner/src/LogJoiner.jl",183335830ec2389080522942f46c6bd94d8646bf,1490826001,218935,-1
1,"modules/DataFrameUtils/test/runtests.jl",d1552c3316178811978e062dce2ac160727ad0dc,1491503083,218934,-1
152,"test/test\_swapbuffers.jl",3b4ee72bc3ff04ea98c6caaea33adfabbb01a1e8,1456162315,219203,-1
0,"modules/DataFrameUtils/src/DataFrameUtils.jl",d1552c3316178811978e062dce2ac160727ad0dc,1491503083,218933,-1
