fragility_format = "discrete"

fragility_imls = [0.2 0.4 0.6 0.8 1.0 1.2 1.4]
fragility_poes = [0.771 0.950 0.989 0.997 0.999 1.000 1.000;
                  0.500 0.861 0.957 0.985 0.994 0.997 0.999;
                  0.231 0.636 0.837 0.924 0.962 0.981 0.989;
                  0.097 0.414 0.661 0.806 0.887 0.933 0.959]

hazard_imls = []
hazard_poes = [1 => [3.915291296E-02 2.493494969E-02 1.142889260E-02 5.379326221E-03 2.629974334E-03 1.327670083E-03 6.878886107E-04 3.635574346E-04]]

no_damage_limit = 0.05
steps_per_interval = 4

hazard_investigation_time = 50.0
risk_investigation_time = 100.0

number_per_asset = 1
