fragility_format = "continuous"

fragility_means = [0.160 0.225 0.400 0.600]
fragility_stds = [0.104 0.158 0.300 0.480]

hazard_imls = []
hazard_poes = []
computed_hazard_poes = [3.915291296E-02 3.308270016E-02 2.569499769E-02 1.951078599E-02 1.476310571E-02 1.119892017E-02 8.533049063E-03 6.534165521E-03 5.028543827E-03 3.888500430E-03 3.020582389E-03 2.356297550E-03 1.845286826E-03 1.450299824E-03 1.143743957E-03 9.048013109E-04 7.178150644E-04 5.709571788E-04 4.551659210E-04 3.635574346E-04]

minIML = 0.05
maxIML = 1.40
continuous_fragility_discretization = 20

hazard_investigation_time = 1.0
risk_investigation_time = 75.0

number_per_asset = 1
