fragility_format = "continuous"

fragility_means = [0.160 0.225 0.400 0.600]
fragility_stds = [0.104 0.158 0.300 0.480]

hazard_imls = []
hazard_poes = []
computed_hazard_poes = [3.915291296E-02 3.525253575E-02 2.999937288E-02 2.493494969E-02 2.054304021E-02 1.688273920E-02 1.387941530E-02 1.142889260E-02 9.431659787E-03 7.802312991E-03 6.470516147E-03 5.379326221E-03 4.482952887E-03 3.744644451E-03 3.134891023E-03 2.629974334E-03 2.210795341E-03 1.861946349E-03 1.570944650E-03 1.327670083E-03 1.123948978E-03 9.529298246E-04 8.090855030E-04 6.878886107E-04 5.855897081E-04 4.990838684E-04 4.257600734E-04 3.635574346E-04]

minIML = 0.05
maxIML = 1.40
continuous_fragility_discretization = 28

hazard_investigation_time = 1.0
risk_investigation_time = 1.0

number_per_asset = 1
