"master",871c22495d765cf6c1d35978c3a06d1d515ebe19,1430726832,2,4,7,9,12,15
