4,"test/runtests.jl",6d58eaddf7430725e1d5b565273c509479b260c6,1403576487,152861,3
3,"test/runtests.jl",923c5357abe8e7e7dd256839ec6bfef1b0353b86,1403576214,152858,-1
2,"src/RoboJulia.jl",923c5357abe8e7e7dd256839ec6bfef1b0353b86,1403576214,152852,-1
1,"script/run.jl",ff6a8a026a9aa24582629ef2ed427cd58f6dc573,1410028367,152848,0
0,"script/run.jl",923c5357abe8e7e7dd256839ec6bfef1b0353b86,1403576214,152846,-1
