7,"test/runtests.jl",60de1a76df0a6f1e38eb1c7485ee633a5a2d083f,1446651373,60629,6
6,"test/runtests.jl",b47fdb3076b8b4ae480fd49aa9f37cd0079fd260,1446650028,60628,5
5,"test/runtests.jl",342967be590169c196d13212af4a19e0fc72d15c,1446643635,60627,-1
4,"src/DigitSets.jl",015b705e598f3dd603a7f43c4c128773b2c6ea5e,1447696621,60625,3
3,"src/DigitSets.jl",eed49874c9edf472298f039d014506b1f143a1bc,1446923918,60623,2
2,"src/DigitSets.jl",60de1a76df0a6f1e38eb1c7485ee633a5a2d083f,1446651373,60621,1
1,"src/DigitSets.jl",b47fdb3076b8b4ae480fd49aa9f37cd0079fd260,1446650028,60619,0
0,"src/DigitSets.jl",342967be590169c196d13212af4a19e0fc72d15c,1446643635,60617,-1
